/*********************************************
 * OPL 12.6.0.0 Data
 * Author: Donzok
 * Creation Date: 29/03/2016 at 16:35:21
 *********************************************/

MaxCapacity = 200;
NbClients = 100;
 
Elements = [[3, 22], [1, 7], [6, 35], [3, 10], [1, 2], 
			[7, 45], [3, 21], [1, 6], [9, 47], [7, 43], 
			[1, 3], [6, 40], [3, 25], [7, 36], [8, 48], 
			[5, 27], [8, 36], [10, 62], [9, 47], [8, 36], 
			[2, 11], [5, 27], [7, 32], [8, 42], [10, 58], 
			[3, 18], [3, 19], [7, 42], [7, 43], [10, 57], 
			[1, 9], [4, 17], [10, 76], [5, 23], [1, 2], 
			[7, 43], [5, 25], [1, 6], [1, 5], [3, 26], 
			[10, 62], [3, 19], [10, 57], [9, 44], [7, 45], 
			[8, 48], [1, 2], [5, 19], [2, 10], [3, 11], 
			[5, 26], [1, 2], [4, 23], [1, 4], [10, 36], 
			[5, 21], [8, 53], [8, 38], [10, 59], [3, 17], 
			[9, 43], [2, 13], [2, 10], [10, 59], [8, 48], 
			[7, 38], [7, 43], [3, 19], [9, 62], [2, 12], 
			[10, 69], [4, 26], [4, 25], [4, 29], [9, 43], 
			[3, 26], [10, 58], [4, 17], [6, 44], [7, 41], 
			[9, 66], [9, 51], [9, 55], [5, 20], [9, 52], 
			[6, 32], [4, 24], [10, 48], [1, 9], [3, 14], 
			[5, 34], [8, 41], [1, 7], [8, 57], [6, 38], 
			[3, 23], [3, 17], [4, 14], [7, 29], [7, 48]];